     0/149     4.54G   0.05403   0.01852   0.01472   0.08727        12       640     0.891    0.9991    0.9951    0.6627   0.02488  0.009543  0.002978
     1/149     4.54G   0.03492  0.009828  0.003263   0.04801        16       640    0.9947    0.9991    0.9961    0.7637   0.01913  0.007773  0.002503
     2/149     4.54G   0.02943  0.008868  0.002678   0.04097        12       640    0.9972    0.9991    0.9961    0.8045    0.0161  0.006718  0.001998
     3/149     4.54G   0.02415  0.008375  0.002081   0.03461        14       640    0.9981    0.9991    0.9966     0.843   0.01326  0.006382  0.001456
     4/149     4.54G   0.02064  0.007771  0.001586      0.03        14       640    0.9972    0.9991    0.9966    0.8653    0.0124  0.006052   0.00128
     5/149     4.54G   0.01863  0.007336  0.001311   0.02727         9       640    0.9982    0.9991    0.9969    0.8679   0.01181  0.005896  0.001019
     6/149     4.54G    0.0176  0.007088  0.001189   0.02587        13       640    0.9981    0.9991    0.9972    0.8826   0.01114  0.005577   0.00109
     7/149     4.54G   0.01677  0.006945  0.001047   0.02476        10       640    0.9979    0.9991    0.9973    0.8824   0.01123  0.005628 0.0009315
     8/149     4.54G    0.0161  0.006767 0.0009658   0.02383         9       640    0.9963    0.9991    0.9972    0.9015  0.009837  0.005305 0.0007921
     9/149     4.54G    0.0157  0.006688 0.0009416   0.02333        12       640    0.9974    0.9991     0.997    0.8927    0.0103  0.005325 0.0008011
    10/149     4.54G   0.01523  0.006524 0.0008617   0.02262         7       640    0.9893    0.9991    0.9971    0.8949  0.009877  0.005184 0.0006954
    11/149     4.55G    0.0148   0.00638 0.0007979   0.02198        19       640    0.9972    0.9991    0.9968    0.9028  0.009468  0.005124 0.0007218
    12/149     4.55G   0.01458  0.006408 0.0008261   0.02182        12       640    0.9964    0.9991    0.9974    0.9189  0.009192  0.005179 0.0006371
    13/149     4.55G   0.01434  0.006277 0.0007206   0.02134        14       640    0.9971    0.9991    0.9973    0.9232    0.0091  0.004893 0.0006601
    14/149     4.55G   0.01386  0.006199 0.0007361   0.02079        20       640    0.9966    0.9991     0.997    0.9309  0.008563  0.004879  0.000612
    15/149     4.55G   0.01382  0.006165 0.0007071   0.02069        13       640    0.9888    0.9991    0.9972    0.9239  0.008397  0.004701 0.0005512
    16/149     4.55G   0.01358  0.006085  0.000691   0.02035        17       640    0.9978    0.9991    0.9966     0.931  0.008338  0.004787 0.0006011
    17/149     4.55G   0.01359  0.006124 0.0006716   0.02039        15       640     0.997    0.9991    0.9972    0.9284  0.008371  0.004753 0.0007379
    18/149     4.55G   0.01326  0.005965 0.0006507   0.01988        14       640    0.9971    0.9991    0.9974    0.9376   0.00798  0.004456 0.0006391
    19/149     4.55G   0.01305  0.005929 0.0006394   0.01962        12       640    0.9972    0.9991    0.9971    0.9372  0.007699  0.004406  0.000509
    20/149     4.55G   0.01306  0.005959 0.0006789    0.0197        14       640    0.9973    0.9991    0.9973    0.9398  0.007778  0.004473 0.0004994
    21/149     4.55G   0.01315   0.00603  0.000666   0.01985        15       640    0.9969    0.9991    0.9974    0.9381  0.007862  0.004461 0.0005059
    22/149     4.55G   0.01253  0.005767 0.0005771   0.01887        14       640    0.9972    0.9991    0.9973    0.9437  0.007441  0.004345 0.0004929
    23/149     4.55G   0.01265   0.00577 0.0005974   0.01902        11       640    0.9965    0.9991    0.9973    0.9463  0.007355    0.0043 0.0004895
    24/149     4.55G   0.01246   0.00569  0.000575   0.01872        14       640    0.9963    0.9991    0.9971    0.9502  0.007062  0.004193 0.0004825
    25/149     4.55G   0.01239  0.005685 0.0005915   0.01867        19       640    0.9907    0.9991    0.9972    0.9519  0.007139  0.004155 0.0004747
    26/149     4.55G    0.0125  0.005655 0.0005678   0.01872         9       640    0.9964    0.9991    0.9973    0.9505  0.006951   0.00409 0.0004847
    27/149     4.55G   0.01204   0.00561 0.0005777   0.01823        17       640    0.9837    0.9991    0.9971    0.9523  0.006812   0.00404 0.0004741
    28/149     4.55G   0.01234  0.005754 0.0005706   0.01866        16       640    0.9967    0.9991    0.9973    0.9566  0.006752  0.003975 0.0004412
    29/149     4.55G   0.01205  0.005563 0.0005744   0.01819        17       640    0.9969    0.9991    0.9973    0.9578  0.006775  0.004004 0.0004495
    30/149     4.55G   0.01195  0.005569 0.0005402   0.01806        15       640    0.9963    0.9991    0.9972    0.9608  0.006445  0.003878  0.000456
    31/149     4.55G   0.01179  0.005474 0.0005287   0.01779         6       640    0.9971    0.9991    0.9971    0.9619  0.006379  0.003857 0.0004437
    32/149     4.55G   0.01158  0.005456 0.0005099   0.01755        12       640    0.9973    0.9991    0.9971    0.9629   0.00623  0.003748 0.0004423
    33/149     4.55G   0.01157  0.005401  0.000512   0.01749        14       640      0.97    0.9991    0.9969    0.9629  0.006146  0.003703 0.0004537
    34/149     4.55G   0.01158  0.005447 0.0005446   0.01757        17       640    0.9924    0.9991    0.9971    0.9647  0.006118  0.003709 0.0004484
    35/149     4.55G   0.01141  0.005421 0.0005288   0.01736        13       640    0.9511    0.9991    0.9971     0.965  0.006026  0.003716 0.0004412
    36/149     4.55G   0.01126  0.005353 0.0004858    0.0171        14       640    0.9924    0.9991    0.9972     0.963  0.006074  0.003652 0.0004209
    37/149     4.55G   0.01129  0.005307 0.0005043   0.01711         6       640     0.992    0.9991    0.9971    0.9659  0.005911  0.003624 0.0004348
    38/149     4.55G   0.01122  0.005303 0.0005161   0.01704         9       640    0.9971    0.9991    0.9972    0.9656  0.005801  0.003593 0.0004257
    39/149     4.55G   0.01134  0.005372 0.0005304   0.01724        16       640     0.997    0.9991    0.9969    0.9626  0.005763   0.00359 0.0004237
    40/149     4.55G    0.0111  0.005298 0.0005672   0.01697        13       640    0.9964    0.9991    0.9972    0.9665  0.005818  0.003564 0.0004109
    41/149     4.55G   0.01123  0.005412 0.0005378   0.01718        11       640    0.9966    0.9991    0.9973    0.9662  0.005839  0.003579 0.0004049
    42/149     4.55G   0.01102  0.005231 0.0004907   0.01675        16       640    0.9971    0.9991    0.9972    0.9672  0.005689  0.003571 0.0004019
    43/149     4.55G   0.01088  0.005185 0.0004861   0.01655        15       640    0.9968    0.9991    0.9974     0.969  0.005647  0.003529 0.0004103
    44/149     4.55G   0.01086  0.005187 0.0004867   0.01653        20       640     0.997    0.9991    0.9973    0.9701  0.005583  0.003461 0.0004074
    45/149     4.55G   0.01069  0.005121 0.0004687   0.01628        10       640    0.9958    0.9991    0.9972    0.9697    0.0055  0.003441 0.0004094
    46/149     4.55G   0.01054  0.005039 0.0004517   0.01603        14       640    0.9963    0.9991    0.9972    0.9685  0.005402  0.003419 0.0004026
    47/149     4.55G   0.01051  0.005017 0.0004619   0.01599        15       640    0.9921    0.9991    0.9973    0.9718  0.005404  0.003392 0.0004036
    48/149     4.55G   0.01056  0.005002 0.0004844   0.01605        11       640    0.9852    0.9991    0.9973     0.973  0.005391  0.003375 0.0003998
    49/149     4.55G   0.01051  0.005072 0.0005044   0.01608        14       640    0.9937    0.9991    0.9973    0.9735  0.005288  0.003354 0.0003981
    50/149     4.55G   0.01024   0.00499 0.0004651   0.01569        11       640    0.9966    0.9991    0.9973    0.9734  0.005197  0.003329 0.0003958
    51/149     4.55G   0.01039  0.005019 0.0004652   0.01588        12       640    0.9971    0.9991    0.9973    0.9735  0.005163  0.003308  0.000387
    52/149     4.55G   0.01023  0.004968 0.0004499   0.01565        15       640    0.9971    0.9991    0.9973    0.9754  0.005088  0.003286  0.000385
    53/149     4.55G   0.01005  0.004937 0.0004423   0.01543        18       640    0.9971    0.9991    0.9973    0.9763  0.005047  0.003265 0.0003836
    54/149     4.55G   0.01028  0.005018 0.0004832   0.01578        18       640     0.997    0.9991    0.9974    0.9775   0.00501  0.003255 0.0003853
    55/149     4.55G   0.01028  0.005128 0.0004893   0.01589        12       640    0.9971    0.9991    0.9974    0.9765  0.005014  0.003257 0.0003852
    56/149     4.55G   0.01012  0.004927 0.0004182   0.01546        15       640     0.997    0.9991    0.9974    0.9756  0.005006  0.003269 0.0005171
    57/149     4.55G  0.009995  0.004893 0.0004221   0.01531        14       640    0.9969    0.9991    0.9974    0.9763  0.004986  0.003273 0.0006613
    58/149     4.55G  0.009914   0.00485 0.0004233   0.01519        13       640    0.9969    0.9991    0.9974    0.9767  0.004976  0.003271 0.0007689
    59/149     4.55G  0.009666  0.004799 0.0004142   0.01488         7       640    0.9971    0.9991    0.9974    0.9771  0.004957  0.003253 0.0008288
    60/149     4.55G  0.009633  0.004833  0.000416   0.01488        14       640    0.9971    0.9991    0.9974    0.9774  0.004921  0.003234 0.0008431
    61/149     4.55G  0.009646  0.004769 0.0004215   0.01484        14       640    0.9971    0.9991    0.9973    0.9786  0.004905  0.003227 0.0009147
    62/149     4.55G  0.009598   0.00484 0.0004881   0.01493        12       640    0.9971    0.9991    0.9973    0.9786  0.004886  0.003215 0.0009893
    63/149     4.55G  0.009704  0.004817 0.0004302   0.01495        13       640    0.9971    0.9991    0.9973    0.9786  0.004873  0.003204 0.0009934
    64/149     4.55G  0.009531  0.004771 0.0004017    0.0147        15       640    0.9971    0.9991    0.9973    0.9794  0.004869  0.003192  0.001023
    65/149     4.55G  0.009458   0.00472 0.0004019   0.01458        13       640    0.9971    0.9991    0.9973    0.9793   0.00485  0.003178 0.0009923
    66/149     4.55G  0.009403  0.004645 0.0004046   0.01445        15       640    0.9971    0.9991    0.9973    0.9795  0.004831  0.003162  0.000952
    67/149     4.55G  0.009332  0.004701 0.0004159   0.01445        10       640    0.9971    0.9991    0.9973    0.9795  0.004811  0.003145 0.0009195
    68/149     4.55G  0.009181  0.004613 0.0003908   0.01418        17       640    0.9972    0.9991    0.9973    0.9795  0.004792  0.003132 0.0008673
    69/149     4.55G   0.00905  0.004595 0.0003791   0.01402        12       640    0.9972    0.9991    0.9973      0.98  0.004766  0.003118 0.0008424
    70/149     4.55G  0.008954  0.004599 0.0003817   0.01393        10       640    0.9972    0.9991    0.9973    0.9801  0.004747  0.003105 0.0008246
    71/149     4.55G  0.009061  0.004577 0.0004011   0.01404        14       640    0.9972    0.9991    0.9973    0.9802  0.004729  0.003095 0.0008143
    72/149     4.55G  0.008896  0.004549 0.0003863   0.01383         8       640    0.9972    0.9991    0.9973    0.9806  0.004711  0.003083 0.0007759
    73/149     4.55G   0.00885  0.004516 0.0003745   0.01374         9       640    0.9973    0.9991    0.9973    0.9807  0.004689  0.003072 0.0007882
    74/149     4.55G  0.008701  0.004447 0.0003808   0.01353        11       640    0.9973    0.9991    0.9973     0.981  0.004666  0.003057 0.0007675
    75/149     4.55G  0.008679  0.004453  0.000369    0.0135        18       640    0.9973    0.9991    0.9973    0.9812  0.004647  0.003045 0.0007781
    76/149     4.55G  0.008668  0.004436 0.0003762   0.01348        14       640    0.9973    0.9991    0.9973     0.981  0.004632  0.003037 0.0007851
    77/149     4.55G  0.008638   0.00442 0.0003783   0.01344         8       640    0.9974    0.9991    0.9973    0.9809  0.004616  0.003029 0.0007913
    78/149     4.55G   0.00859  0.004432 0.0003944   0.01342        13       640    0.9974    0.9991    0.9973    0.9814  0.004599   0.00302 0.0007814
    79/149     4.55G  0.008469  0.004372 0.0003911   0.01323        11       640    0.9973    0.9991    0.9973    0.9818  0.004585  0.003011 0.0007766
    80/149     4.55G  0.008447  0.004383 0.0003548   0.01318        19       640    0.9974    0.9991    0.9973    0.9822  0.004574  0.003005 0.0007758
    81/149     4.55G  0.008253  0.004332 0.0003544   0.01294        12       640    0.9974    0.9991    0.9973    0.9825  0.004559  0.002996 0.0007693
    82/149     4.55G  0.008425  0.004393 0.0003724   0.01319        10       640    0.9974    0.9991    0.9973    0.9826  0.004545  0.002988 0.0007559
    83/149     4.55G  0.008279  0.004335  0.000351   0.01296        18       640    0.9974    0.9991    0.9973    0.9826  0.004531  0.002981 0.0007633
    84/149     4.55G  0.008162   0.00426 0.0003686   0.01279        13       640    0.9974    0.9991    0.9973    0.9829  0.004518  0.002972 0.0007534
    85/149     4.55G  0.008047  0.004286 0.0003415   0.01267        17       640    0.9973    0.9991    0.9973    0.9829  0.004503  0.002963 0.0007464
    86/149     4.55G   0.00816  0.004253 0.0003558   0.01277         7       640    0.9973    0.9991    0.9974    0.9827  0.004487  0.002953  0.000717
    87/149     4.55G  0.008116  0.004293 0.0003831   0.01279        12       640    0.9973    0.9991    0.9973    0.9832  0.004476  0.002945 0.0007001
    88/149     4.55G   0.00786   0.00421 0.0003279    0.0124        19       640    0.9973    0.9991    0.9973    0.9835  0.004466  0.002937 0.0006731
    89/149     4.55G  0.007958  0.004165 0.0003329   0.01246        15       640    0.9974    0.9991    0.9973    0.9834  0.004454  0.002929 0.0006523
    90/149     4.55G  0.007845  0.004162 0.0003341   0.01234        11       640    0.9974    0.9991    0.9973    0.9834  0.004441   0.00292 0.0006445
    91/149     4.55G  0.007737  0.004088 0.0003093   0.01213        17       640    0.9974    0.9991    0.9974    0.9835  0.004428  0.002911 0.0006346
    92/149     4.55G  0.007684  0.004127 0.0003131   0.01212        15       640    0.9974    0.9991    0.9974    0.9835  0.004417  0.002903 0.0006274
    93/149     4.55G  0.007556  0.004014 0.0003042   0.01188        14       640    0.9974    0.9991    0.9974     0.984  0.004402  0.002893 0.0006319
    94/149     4.55G  0.007442  0.004015 0.0003144   0.01177        20       640    0.9974    0.9991    0.9974    0.9841   0.00439  0.002885 0.0006247
    95/149     4.55G  0.007496  0.003951 0.0002946   0.01174        15       640    0.9974    0.9991    0.9974    0.9839  0.004378  0.002875 0.0006226
    96/149     4.55G  0.007451  0.003971 0.0002914   0.01171        21       640    0.9974    0.9991    0.9974    0.9841  0.004364  0.002868 0.0006155
    97/149     4.55G  0.007183  0.003887 0.0002904   0.01136        16       640    0.9974    0.9991    0.9974    0.9843  0.004352  0.002859 0.0006071
    98/149     4.55G  0.007276  0.003912 0.0002967   0.01148        19       640    0.9974    0.9991    0.9974    0.9844  0.004341  0.002852 0.0006041
    99/149     4.55G  0.007192  0.003915 0.0003179   0.01143        14       640    0.9974    0.9991    0.9974    0.9845  0.004329  0.002844 0.0006059
   100/149     4.55G  0.007318  0.003972 0.0003256   0.01162        12       640    0.9974    0.9991    0.9974    0.9844  0.004318  0.002837 0.0006027
   101/149     4.55G  0.007092  0.003878 0.0002885   0.01126        13       640    0.9974    0.9991    0.9974    0.9849  0.004307   0.00283 0.0006013
   102/149     4.55G   0.00712  0.003862 0.0002956   0.01128        14       640    0.9974    0.9991    0.9974    0.9848  0.004299  0.002822 0.0005888
   103/149     4.55G  0.006972  0.003787 0.0002803   0.01104        15       640    0.9974    0.9991    0.9974    0.9854  0.004285  0.002814 0.0005988
   104/149     4.55G  0.006903  0.003851 0.0002709   0.01102        17       640    0.9974    0.9991    0.9974    0.9851  0.004272  0.002805 0.0005917
   105/149     4.55G  0.006838  0.003761 0.0002729   0.01087        12       640    0.9974    0.9991    0.9974    0.9856  0.004257  0.002795 0.0005918
   106/149     4.55G  0.006736  0.003723 0.0002703   0.01073        10       640    0.9973    0.9991    0.9974    0.9861   0.00424  0.002786 0.0006015
   107/149     4.55G  0.006759  0.003766 0.0002661   0.01079        11       640    0.9973    0.9991    0.9974     0.986  0.004224  0.002778 0.0006015
   108/149     4.55G   0.00672  0.003674 0.0002736   0.01067        11       640    0.9973    0.9991    0.9974    0.9865  0.004208  0.002771 0.0006087
   109/149     4.55G  0.006546  0.003682 0.0002566   0.01048        10       640    0.9973    0.9991    0.9974    0.9867  0.004196  0.002762 0.0006031
   110/149     4.55G  0.006555  0.003666 0.0002435   0.01046        10       640    0.9973    0.9991    0.9974    0.9866  0.004178  0.002754 0.0006031
   111/149     4.55G  0.006467  0.003661 0.0002642   0.01039        11       640    0.9973    0.9991    0.9974    0.9868  0.004165  0.002747  0.000602
   112/149     4.55G  0.006452  0.003641 0.0002469   0.01034         7       640    0.9973    0.9991    0.9974    0.9872  0.004154   0.00274 0.0006041
   113/149     4.55G  0.006415  0.003582 0.0002429   0.01024        12       640    0.9973    0.9991    0.9974    0.9868  0.004137  0.002732 0.0006005
   114/149     4.55G  0.006323  0.003523 0.0002521    0.0101        17       640    0.9973    0.9991    0.9974    0.9871  0.004126  0.002723 0.0005911
   115/149     4.55G  0.006328  0.003548 0.0002422   0.01012         7       640    0.9973    0.9991    0.9974    0.9872  0.004116  0.002716 0.0005836
   116/149     4.55G   0.00619   0.00356 0.0002505      0.01        15       640    0.9973    0.9991    0.9974    0.9874  0.004098  0.002705 0.0005735
   117/149     4.55G  0.006224  0.003522 0.0002246  0.009971        12       640    0.9973    0.9991    0.9974    0.9875  0.004079  0.002695 0.0005714
   118/149     4.55G  0.006109  0.003529 0.0002217  0.009859        14       640    0.9973    0.9991    0.9974    0.9875  0.004062  0.002686 0.0005672
   119/149     4.55G  0.006083  0.003467 0.0002291   0.00978        14       640    0.9973    0.9991    0.9974    0.9879  0.004047  0.002676 0.0005563
   120/149     4.55G  0.006067  0.003475 0.0002335  0.009776        16       640    0.9973    0.9991    0.9974    0.9879  0.004025  0.002666 0.0005561
   121/149     4.55G  0.006009  0.003461 0.0002169  0.009687        11       640    0.9973    0.9991    0.9974     0.988  0.004007  0.002656 0.0005523
   122/149     4.55G   0.00602  0.003448 0.0002326  0.009701        14       640    0.9973    0.9991    0.9974    0.9881  0.003996  0.002647 0.0005475
   123/149     4.55G  0.005915  0.003426 0.0002291  0.009569        13       640    0.9973    0.9991    0.9974    0.9881  0.003982  0.002638 0.0005482
   124/149     4.55G  0.005848  0.003383 0.0002171  0.009448        12       640    0.9973    0.9991    0.9974    0.9882   0.00397   0.00263 0.0005488
   125/149     4.55G  0.005816  0.003369 0.0002139  0.009399        14       640    0.9973    0.9991    0.9974    0.9882  0.003957  0.002621 0.0005374
   126/149     4.55G   0.00582   0.00335 0.0002212  0.009391        10       640    0.9973    0.9991    0.9974    0.9883  0.003941  0.002611 0.0005335
   127/149     4.55G  0.005737  0.003296 0.0002033  0.009236        12       640    0.9973    0.9991    0.9974    0.9883  0.003928  0.002603 0.0005346
   128/149     4.55G  0.005711   0.00334  0.000199   0.00925        12       640    0.9973    0.9991    0.9974    0.9884  0.003916  0.002594 0.0005404
   129/149     4.55G  0.005687  0.003329 0.0001948  0.009211        13       640    0.9973    0.9991    0.9974    0.9884  0.003904  0.002585 0.0005472
   130/149     4.55G  0.005577  0.003279 0.0001984  0.009055        18       640    0.9973    0.9991    0.9974    0.9886   0.00389  0.002576 0.0005532
   131/149     4.55G  0.005568  0.003252 0.0001906   0.00901        15       640    0.9973    0.9991    0.9974    0.9889  0.003879  0.002567 0.0005517
   132/149     4.55G  0.005524  0.003287 0.0001882  0.008999        12       640    0.9973    0.9991    0.9974    0.9892  0.003867  0.002557 0.0005501
   133/149     4.55G  0.005529  0.003288 0.0002122   0.00903        16       640    0.9973    0.9991    0.9974    0.9894  0.003857  0.002548 0.0005514
   134/149     4.55G  0.005501  0.003256 0.0001885  0.008946        14       640    0.9973    0.9991    0.9974    0.9895  0.003847  0.002538 0.0005427
   135/149     4.55G  0.005397  0.003212 0.0001829  0.008792        20       640    0.9973    0.9991    0.9974    0.9896  0.003839  0.002529 0.0005453
   136/149     4.55G   0.00543   0.00321 0.0001871  0.008827        10       640    0.9973    0.9991    0.9974    0.9898  0.003828  0.002521 0.0005418
   137/149     4.55G  0.005418  0.003212 0.0001839  0.008814         8       640    0.9973    0.9991    0.9974    0.9899  0.003818  0.002511 0.0005423
   138/149     4.55G  0.005406  0.003191 0.0001819  0.008778        10       640    0.9973    0.9991    0.9974    0.9897  0.003805  0.002502 0.0005352
   139/149     4.55G   0.00532  0.003185 0.0001733  0.008679         9       640    0.9973    0.9991    0.9974    0.9899  0.003797  0.002494 0.0005278
   140/149     4.55G  0.005339  0.003174 0.0001846  0.008697        19       640    0.9973    0.9991    0.9974      0.99  0.003786  0.002486 0.0005247
   141/149     4.55G  0.005289  0.003188 0.0001741  0.008651        15       640    0.9973    0.9991    0.9974    0.9903  0.003782  0.002479 0.0005235
   142/149     4.55G  0.005386  0.003218 0.0001864   0.00879        12       640    0.9973    0.9991    0.9974    0.9907  0.003772   0.00247 0.0005224
   143/149     4.55G  0.005309  0.003179 0.0001777  0.008666        10       640    0.9973    0.9991    0.9974    0.9907  0.003766  0.002462 0.0005146
   144/149     4.55G  0.005263   0.00316 0.0001765  0.008599        12       640    0.9973    0.9991    0.9974    0.9907  0.003758  0.002454 0.0005071
   145/149     4.55G  0.005293  0.003145 0.0001757  0.008614        14       640    0.9973    0.9991    0.9974    0.9907  0.003754  0.002448 0.0004977
   146/149     4.55G  0.005336  0.003161 0.0001861  0.008683        12       640    0.9973    0.9991    0.9974    0.9908  0.003746   0.00244 0.0004938
   147/149     4.55G  0.005232  0.003119 0.0001873  0.008538        15       640    0.9974    0.9991    0.9974    0.9908  0.003742  0.002432 0.0004883
   148/149     4.55G  0.005288   0.00316  0.000183  0.008632        11       640    0.9974    0.9991    0.9974    0.9908  0.003732  0.002424 0.0004886
   149/149     4.55G  0.005269  0.003132  0.000176  0.008576        12       640    0.9974    0.9991    0.9974    0.9911  0.003725  0.002416 0.0004894
